0 0.22065378900445765 0.8069306930693068 0.06983655274888559 0.12475247524752475
0 0.5141158989598812 0.7811881188118812 0.0891530460624071 0.14455445544554504
0 0.8751857355126301 0.48019801980198 0.08915304606240747 0.19207920792079197
0 0.6099554234769687 0.4019801980198019 0.1263001485884101 0.1504950495049505
0 0.6649331352154532 0.34356435643564354 0.15601783060921248 0.13663366336633667
0 0.3580980683506689 0.8336633663366336 0.11292719167904909 0.1346534653465344
0 0.48439821693907903 0.5970297029702973 0.10401188707280834 0.14059405940594064
0 0.24591381872213966 0.6415841584158416 0.06686478454680535 0.12277227722772277
0 0.24219910846953938 0.7217821782178219 0.10401188707280833 0.09306930693069307
0 0.23699851411589898 0.5485148514851481 0.10549777117384847 0.07920792079207922
0 0.40044576523031206 0.4267326732673267 0.4234769687964339 0.4732673267326733
0 0.3150074294205052 0.6306930693069307 0.0950965824665676 0.100990099009901
0 0.3172362555720653 0.7435643564356436 0.09361069836552749 0.15247524752475247
0 0.3707280832095097 0.7158415841584155 0.10549777117384843 0.1326732673267327
