0 0.14784546805349183 0.8039603960396039 0.1411589895988113 0.18217821782178217
0 0.2763744427934622 0.6326732673267327 0.14264487369985143 0.16435643564356436
0 0.3684992570579493 0.5435643564356434 0.14561664190193185 0.18019801980198014
0 0.5007429420505202 0.40198019801980195 0.1337295690936107 0.1702970297029703
0 0.5928677563150073 0.19603960396039596 0.13967310549777107 0.18613861386138605
0 0.6471025260029717 0.8089108910891092 0.12035661218424959 0.3821782178217817
0 0.5698365527488857 0.5297029702970297 0.11441307578008902 0.16831683168316836
0 0.8023774145616642 0.21485148514851474 0.13372956909361094 0.19999999999999993
0 0.6485884101040117 0.42871287128712865 0.1203566121842488 0.1841584158415842
0 0.6924219910846946 0.2752475247524754 0.12184249628528972 0.20594059405940587
