0 0.07593457943925233 0.6464912280701754 0.14719626168224298 0.09298245614035087
0 0.308411214953271 0.8385964912280701 0.14018691588785046 0.10175438596491247
0 0.7383177570093454 0.5429824561403508 0.10280373831775796 0.19122807017543889
0 0.34929906542056066 0.8 0.0630841121495327 0.08070175438596491
0 0.4100467289719626 0.8403508771929823 0.0911214953271028 0.06666666666666667
0 0.4299065420560754 0.7771929824561389 0.14485981308411192 0.05964912280701748
0 0.377336448598131 0.4035087719298246 0.10514018691588785 0.10175438596491228
0 0.5397196261682242 0.23508771929824562 0.1635514018691588 0.04912280701754386
0 0.16705607476635514 0.2780701754385965 0.10514018691588785 0.13859649122807016
0 0.183411214953271 0.506140350877193 0.0911214953271028 0.06491228070175438
0 0.4042056074766348 0.13333333333333336 0.09345794392523356 0.18596491228070175
0 0.47313084112149534 0.1228070175438596 0.15186915887850463 0.042105263157894826
0 0.4299065420560747 0.5701754385964911 0.1261682242990654 0.12280701754385963
