0 0.37185370886283065 0.7587599063752384 0.01983219780601762 0.04555207933569682
0 0.47535299116298524 0.5444792066430323 0.04090390797491135 0.033466833797654826
0 0.42701200901081726 0.5063642014845922 0.0285087843461504 0.04462244506353964
0 0.3910661504874103 0.6802058103779655 0.04586195742641576 0.037185370886283035
0 0.30615955363039726 0.844751076549768 0.022311222531769856 0.035326102341968875
0 0.3104978469004636 0.778282226090537 0.013634635991637114 0.015803782626670187
0 0.3483029739681847 0.7759581404101442 0.029748296709026498 0.02788902816471228
0 0.36255736614125994 0.8442862594136895 0.008676586540132708 0.02138158825961274
0 0.4487034753611491 0.5825942118014723 0.04710146978929191 0.02974829670902643
0 0.5831905667332061 0.48312334468066515 0.0334668337976548 0.020451953987455675
0 0.5435261711211709 0.48544743036105786 0.023550734894645924 0.017663051170984437
0 0.4697751855300427 0.4203730313100625 0.027269271983274227 0.026959393892555254
0 0.5484842205726753 0.29347795316062153 0.04338293270066354 0.018592685443141573
0 0.5825708105517681 0.3134650900119988 0.014874148354513214 0.026959393892555254
0 0.5707954431044451 0.32973368977474754 0.033466833797654735 0.01115561126588491
0 0.5193556800450867 0.3529745465786744 0.022311222531769898 0.018592685443141518
0 0.5794720296445778 0.3618060721641666 0.028508784346150326 0.010225976993727837
0 0.6290525241596219 0.18238665763785086 0.04090390797491135 0.01394451408235614
0 0.6470254534213253 0.10569183018489203 0.024790247257522022 0.013014879810199076
