0 0.28464673913043476 0.6322463768115942 0.09375 0.21739130434782608
0 0.2710597826086957 0.45742753623188404 0.09918478260869562 0.23007246376811594
0 0.25203804347826086 0.4094202898550725 0.09375 0.2427536231884058
0 0.35665760869565216 0.3342391304347826 0.08016304347826086 0.15398550724637683
0 0.5183423913043478 0.35144927536231885 0.06114130434782608 0.15579710144927536
0 0.6086956521739133 0.32699275362318825 0.05978260869565211 0.15760869565217386
0 0.6521739130434783 0.29891304347826086 0.04891304347826087 0.1521739130434783
0 0.7126358695652172 0.3242753623188406 0.06385869565217436 0.14855072463768107
0 0.720108695652174 0.3686594202898551 0.07880434782608696 0.1431159420289855
0 0.7595108695652172 0.365036231884058 0.03532608695652189 0.09963768115942033
